batch_size: 4096
epochs: 500
eval_batch_size: 4096
feat_encode_size: 92
lr: 0.000139282383085419
nn_config:
  dropout: 0.2861077927000327
  hid_size: 173
  num_layers: 5
  use_bn: false
nn_name: mlp
patience: 30
time_budget: 36000
