batch_size: 4096
epochs: 500
eval_batch_size: 4096
feat_encode_size: 235
lr: 0.0005272242958619508
nn_config:
  dropout: 0.501861635707336
  hid_size: 137
  num_layers: 2
  use_bn: true
nn_name: deepfm
patience: 30
time_budget: 36000
