batch_size: 3567
conv:
  num_towers: 1
dropout: 0.9876171408690492
enable_temporal_sampling: true
epochs: 500
eval_batch_size: 4096
eval_trials: 3
fanouts:
- 1
- 1
feat_encode_size: 130
hid_size: 164
lr: 0.0001593669535796784
patience: 30
predictor:
  dropout: 0.4037459965261302
  hid_size: 70
  num_layers: 4
time_budget: 36000
