batch_size: 2939
conv:
  num_heads: 6
dropout: 0.5090231652306701
enable_temporal_sampling: true
epochs: 500
eval_batch_size: 4096
eval_trials: 3
fanouts:
- 1
feat_encode_size: 164
hid_size: 104
lr: 0.0027290742322281093
patience: 30
predictor:
  dropout: 0.0623491011247852
  hid_size: 224
  num_layers: 2
time_budget: 36000
