batch_size: 4096
epochs: 500
eval_batch_size: 4096
feat_encode_size: 212
lr: 0.0033142089169919194
nn_config:
  dropout: 0.818674918753073
  hid_size: 218
  num_layers: 8
  use_bn: false
nn_name: mlp
patience: 30
time_budget: 36000
