batch_size: 4096
epochs: 500
eval_batch_size: 4096
feat_encode_size: 48
lr: 0.00014392269733040015
nn_config:
  dropout: 0.5545985896991402
  hid_size: 242
  num_layers: 7
  use_bn: false
nn_name: deepfm
patience: 30
time_budget: 36000
