batch_size: 4096
epochs: 500
eval_batch_size: 4096
feat_encode_size: 13
lr: 0.0028637899651933474
nn_config:
  dropout: 0.1314736605094191
  hid_size: 202
  num_layers: 5
  use_bn: true
nn_name: deepfm
patience: 30
time_budget: 36000
