batch_size: 4096
epochs: 500
eval_batch_size: 4096
feat_encode_size: 236
lr: 0.0006134235635515956
nn_config:
  dropout: 0.4358509795849641
  hid_size: 86
  num_layers: 8
  use_bn: false
nn_name: mlp
patience: 30
time_budget: 36000
