batch_size: 1331
conv:
  num_heads: 3
dropout: 0.25307244339682544
enable_temporal_sampling: true
epochs: 500
eval_batch_size: 4096
eval_trials: 3
fanouts:
- 1
- 1
feat_encode_size: 76
hid_size: 41
lr: 0.0006897865368975599
patience: 30
predictor:
  dropout: 0.09152157385976624
  hid_size: 128
  num_layers: 4
time_budget: 36000
