batch_size: 3269
epochs: 500
eval_batch_size: 4096
feat_encode_size: 155
lr: 0.00018382779657173185
nn_config:
  attn_dropout: 0.1796652699972624
  dropout: 0.7800495501836703
  hid_size: 186
  include_first_norm: true
  num_heads: 5
  num_layers: 2
  use_token: false
nn_name: fttransformer
patience: 30
time_budget: 36000
