batch_size: 4096
epochs: 500
eval_batch_size: 4096
feat_encode_size: 165
lr: 0.006977523117699196
nn_config:
  dropout: 0.08917389167385692
  hid_size: 414
  num_layers: 6
  use_bn: true
nn_name: mlp
patience: 30
time_budget: 36000
