batch_size: 4096
epochs: 500
eval_batch_size: 4096
feat_encode_size: 33
lr: 0.0004340809559114816
nn_config:
  dropout: 0.06437653059157289
  hid_size: 392
  num_layers: 5
  use_bn: true
nn_name: mlp
patience: 30
time_budget: 36000
