batch_size: 4096
epochs: 500
eval_batch_size: 4096
feat_encode_size: 147
lr: 0.005124860963769552
nn_config:
  dropout: 0.21058568668487243
  hid_size: 149
  num_layers: 5
  use_bn: true
nn_name: deepfm
patience: 30
time_budget: 36000
