batch_size: 4096
epochs: 500
eval_batch_size: 4096
feat_encode_size: 19
lr: 0.00020922136162366468
nn_config:
  dropout: 0.43176306314858515
  hid_size: 193
  num_layers: 3
  use_bn: true
nn_name: deepfm
patience: 30
time_budget: 36000
