batch_size: 4096
epochs: 500
eval_batch_size: 4096
feat_encode_size: 85
lr: 0.00048169045176497656
nn_config:
  dropout: 0.13489135716110368
  hid_size: 329
  num_layers: 6
  use_bn: true
nn_name: mlp
patience: 30
time_budget: 36000
