batch_size: 4096
epochs: 500
eval_batch_size: 4096
feat_encode_size: 70
lr: 0.0003889858217842917
nn_config:
  dropout: 0.025205125484817348
  hid_size: 53
  num_layers: 7
  use_bn: false
nn_name: mlp
patience: 30
time_budget: 36000
