batch_size: 3530
conv:
  num_heads: 5
dropout: 0.3099235764376401
enable_temporal_sampling: true
epochs: 500
eval_batch_size: 4096
eval_trials: 3
fanouts:
- 5
- 5
- 5
feat_encode_size: 115
hid_size: 90
lr: 0.0005391673641939693
patience: 30
predictor:
  dropout: 0.7367700392695048
  hid_size: 48
  num_layers: 3
time_budget: 36000
