batch_size: 4096
epochs: 500
eval_batch_size: 4096
feat_encode_size: 238
lr: 0.0068456882618651085
nn_config:
  dropout: 0.20911327059881268
  hid_size: 165
  num_layers: 7
  use_bn: false
nn_name: deepfm
patience: 30
time_budget: 36000
