batch_size: 4096
epochs: 500
eval_batch_size: 4096
feat_encode_size: 47
lr: 0.00026911112400727726
nn_config:
  dropout: 0.1487082009439885
  hid_size: 161
  num_layers: 3
  use_bn: true
nn_name: mlp
patience: 30
time_budget: 36000
