batch_size: 4096
epochs: 500
eval_batch_size: 4096
feat_encode_size: 162
lr: 0.0024907938108062935
nn_config:
  dropout: 0.5936242526870941
  hid_size: 209
  num_layers: 5
  use_bn: false
nn_name: mlp
patience: 30
time_budget: 36000
