batch_size: 4096
epochs: 500
eval_batch_size: 4096
feat_encode_size: 195
lr: 0.00033441978233307806
nn_config:
  dropout: 0.6319674428634213
  hid_size: 57
  num_layers: 2
  use_bn: true
nn_name: mlp
patience: 30
time_budget: 36000
