batch_size: 2037
conv:
  num_heads: 5
dropout: 0.17382133367854655
enable_temporal_sampling: true
epochs: 500
eval_batch_size: 4096
eval_trials: 3
fanouts:
- 10
- 10
- 10
feat_encode_size: 181
hid_size: 18
lr: 0.00035111646045076666
patience: 30
predictor:
  dropout: 0.2908498805953589
  hid_size: 60
  num_layers: 3
time_budget: 36000
