batch_size: 4096
epochs: 500
eval_batch_size: 4096
feat_encode_size: 91
lr: 0.0001521318483854085
nn_config:
  dropout: 0.37656402880796624
  hid_size: 193
  num_layers: 5
  use_bn: true
nn_name: mlp
patience: 30
time_budget: 36000
