batch_size: 4096
epochs: 500
eval_batch_size: 4096
feat_encode_size: 179
lr: 0.0008031119493296732
nn_config:
  dropout: 0.009884985406130142
  hid_size: 244
  num_layers: 8
  use_bn: true
nn_name: mlp
patience: 30
time_budget: 36000
