batch_size: 4096
epochs: 500
eval_batch_size: 4096
feat_encode_size: 34
lr: 0.00015446432266017832
nn_config:
  dropout: 0.17488704804337196
  hid_size: 221
  num_layers: 6
  use_bn: true
nn_name: deepfm
patience: 30
time_budget: 36000
