batch_size: 4096
epochs: 500
eval_batch_size: 4096
feat_encode_size: 167
lr: 0.004355130807025907
nn_config:
  dropout: 0.056802396829787605
  hid_size: 180
  num_layers: 6
  use_bn: true
nn_name: deepfm
patience: 30
time_budget: 36000
