batch_size: 4096
epochs: 500
eval_batch_size: 4096
feat_encode_size: 192
lr: 0.0005820774922238633
nn_config:
  attn_dropout: 0.3017495304975286
  dropout: 0.06361185738304298
  hid_size: 114
  include_first_norm: false
  num_heads: 8
  num_layers: 7
  use_token: true
nn_name: fttransformer
patience: 30
time_budget: 36000
