batch_size: 4096
epochs: 500
eval_batch_size: 4096
feat_encode_size: 28
lr: 0.006030594026297324
nn_config:
  dropout: 0.014612143604722185
  hid_size: 255
  num_layers: 5
  use_bn: false
nn_name: deepfm
patience: 30
time_budget: 36000
