batch_size: 4096
epochs: 500
eval_batch_size: 4096
feat_encode_size: 73
lr: 0.00023274203437620135
nn_config:
  dropout: 0.05712242764350439
  hid_size: 49
  num_layers: 5
  use_bn: true
nn_name: deepfm
patience: 30
time_budget: 36000
