batch_size: 4096
epochs: 500
eval_batch_size: 4096
feat_encode_size: 253
lr: 0.00011037568709052486
nn_config:
  attn_dropout: 0.11793431002377752
  dropout: 0.4826054283268877
  hid_size: 179
  include_first_norm: false
  num_heads: 8
  num_layers: 2
  use_token: false
nn_name: fttransformer
patience: 30
time_budget: 36000
