batch_size: 4096
epochs: 500
eval_batch_size: 4096
feat_encode_size: 238
lr: 0.0002284394821222959
nn_config:
  dropout: 0.1972564539285427
  hid_size: 185
  num_layers: 8
  use_bn: false
nn_name: mlp
patience: 30
time_budget: 36000
