batch_size: 4096
epochs: 500
eval_batch_size: 4096
feat_encode_size: 165
lr: 0.001037466230564931
nn_config:
  dropout: 0.8390080647759485
  hid_size: 247
  num_layers: 4
  use_bn: true
nn_name: mlp
patience: 30
time_budget: 36000
