batch_size: 3927
conv:
  num_heads: 3
dropout: 0.11767967680141912
enable_temporal_sampling: true
epochs: 500
eval_batch_size: 4096
eval_trials: 3
fanouts:
- 20
- 20
- 20
feat_encode_size: 46
hid_size: 211
lr: 0.00014445466799554164
patience: 30
predictor:
  dropout: 0.0979183791935332
  hid_size: 249
  num_layers: 2
time_budget: 36000
