batch_size: 4096
epochs: 500
eval_batch_size: 4096
feat_encode_size: 148
lr: 0.006116505754244865
nn_config:
  dropout: 0.6575604805730992
  hid_size: 253
  num_layers: 7
  use_bn: false
nn_name: mlp
patience: 30
time_budget: 36000
