batch_size: 4096
epochs: 500
eval_batch_size: 4096
feat_encode_size: 168
lr: 0.0004689703505407363
nn_config:
  dropout: 0.35669959321415967
  hid_size: 35
  num_layers: 6
  use_bn: true
nn_name: mlp
patience: 30
time_budget: 36000
