batch_size: 4096
epochs: 500
eval_batch_size: 4096
feat_encode_size: 155
lr: 0.0002580563176182908
nn_config:
  dropout: 0.4148875502112561
  hid_size: 76
  num_layers: 8
  use_bn: true
nn_name: mlp
patience: 30
time_budget: 36000
