batch_size: 4096
epochs: 500
eval_batch_size: 4096
feat_encode_size: 24
lr: 0.00015771349530135253
nn_config:
  dropout: 0.03687815932077665
  hid_size: 183
  num_layers: 5
  use_bn: false
nn_name: deepfm
patience: 30
time_budget: 36000
