batch_size: 4096
epochs: 500
eval_batch_size: 4096
feat_encode_size: 240
lr: 0.0033509608810343883
nn_config:
  attn_dropout: 0.9597573394769204
  dropout: 0.6389067342876578
  hid_size: 100
  include_first_norm: true
  num_heads: 3
  num_layers: 3
  use_token: false
nn_name: fttransformer
time_budget: 36000
