batch_size: 4096
epochs: 500
eval_batch_size: 4096
feat_encode_size: 75
lr: 0.000545714465307109
nn_config:
  dropout: 0.2763317632855641
  hid_size: 192
  num_layers: 2
  use_bn: false
nn_name: deepfm
patience: 30
time_budget: 36000
