batch_size: 2635
conv:
  num_towers: 2
dropout: 0.655932676586171
enable_temporal_sampling: true
epochs: 500
eval_batch_size: 4096
eval_trials: 3
fanouts:
- 5
- 5
feat_encode_size: 48
hid_size: 74
lr: 0.003174214660015144
patience: 30
predictor:
  dropout: 0.27095282334467385
  hid_size: 97
  num_layers: 2
time_budget: 36000
