batch_size: 827
conv:
  num_heads: 4
dropout: 0.16287143595773912
enable_temporal_sampling: true
epochs: 500
eval_batch_size: 4096
eval_trials: 3
fanouts:
- 5
- 5
feat_encode_size: 155
hid_size: 178
lr: 0.0005572311924709544
patience: 30
predictor:
  dropout: 0.24245379547145995
  hid_size: 36
  num_layers: 3
time_budget: 36000
