batch_size: 512
dropout: 0.8395748389196748
enable_temporal_sampling: true
epochs: 500
eval_batch_size: 256
eval_trials: 3
fanouts:
- 20
feat_encode_size: 142
hid_size: 212
lr: 0.00791224404205729
patience: 30
predictor:
  dropout: 0.0008852640544008139
  hid_size: 49
  num_layers: 2
time_budget: 36000
use_multiprocessing: true
