batch_size: 2981
conv:
  num_towers: 1
dropout: 0.03793114597042824
enable_temporal_sampling: true
epochs: 500
eval_batch_size: 4096
eval_trials: 3
fanouts:
- 20
- 20
feat_encode_size: 16
hid_size: 158
lr: 0.00046981124557964906
patience: 30
predictor:
  dropout: 0.40457036693728776
  hid_size: 118
  num_layers: 4
time_budget: 36000
