batch_size: 2597
conv:
  num_heads: 1
dropout: 0.7472144234887463
enable_temporal_sampling: true
epochs: 500
eval_batch_size: 4096
eval_trials: 3
fanouts:
- 20
feat_encode_size: 219
hid_size: 246
lr: 0.0025018678583044944
patience: 30
predictor:
  dropout: 0.7001859586571697
  hid_size: 244
  num_layers: 4
time_budget: 36000
