batch_size: 4096
epochs: 500
eval_batch_size: 4096
feat_encode_size: 92
lr: 0.0006343791609561682
nn_config:
  dropout: 0.41764289007734223
  hid_size: 408
  num_layers: 5
  use_bn: false
nn_name: mlp
patience: 30
time_budget: 36000
