batch_size: 4096
epochs: 500
eval_batch_size: 4096
feat_encode_size: 135
lr: 0.0001323467785624142
nn_config:
  dropout: 0.26722979000937197
  hid_size: 211
  num_layers: 6
  use_bn: false
nn_name: mlp
patience: 30
time_budget: 36000
