batch_size: 4096
epochs: 500
eval_batch_size: 4096
feat_encode_size: 99
lr: 0.00017037947742465492
nn_config:
  dropout: 0.1259669943145828
  hid_size: 230
  num_layers: 6
  use_bn: false
nn_name: deepfm
patience: 30
time_budget: 36000
