batch_size: 4096
epochs: 500
eval_batch_size: 4096
feat_encode_size: 46
lr: 0.007847517361613307
nn_config:
  dropout: 0.14898029520998868
  hid_size: 204
  num_layers: 2
  use_bn: false
nn_name: deepfm
patience: 30
time_budget: 36000
