batch_size: 2909
conv:
  num_heads: 6
dropout: 0.2159438336535503
enable_temporal_sampling: true
epochs: 500
eval_batch_size: 4096
eval_trials: 3
fanouts:
- 5
- 5
- 5
feat_encode_size: 141
hid_size: 245
lr: 0.0001010736705528508
patience: 30
predictor:
  dropout: 0.11669673403230096
  hid_size: 103
  num_layers: 2
time_budget: 36000
