batch_size: 4096
epochs: 500
eval_batch_size: 4096
feat_encode_size: 82
lr: 0.00014333278593668504
nn_config:
  dropout: 0.12765382836129302
  hid_size: 491
  num_layers: 7
  use_bn: false
nn_name: mlp
patience: 30
time_budget: 36000
