batch_size: 4096
epochs: 500
eval_batch_size: 4096
feat_encode_size: 125
lr: 0.002134932636536951
nn_config:
  dropout: 0.5428208383409753
  hid_size: 155
  num_layers: 6
  use_bn: false
nn_name: deepfm
patience: 30
time_budget: 36000
