batch_size: 4096
epochs: 500
eval_batch_size: 4096
feat_encode_size: 137
lr: 0.0006902952442017022
nn_config:
  dropout: 0.0361457669647558
  hid_size: 175
  num_layers: 7
  use_bn: true
nn_name: deepfm
patience: 30
time_budget: 36000
