batch_size: 4096
epochs: 500
eval_batch_size: 4096
feat_encode_size: 247
lr: 0.004076538150890158
nn_config:
  dropout: 0.39526423480560535
  hid_size: 94
  num_layers: 5
  use_bn: false
nn_name: deepfm
patience: 30
time_budget: 36000
