batch_size: 4096
epochs: 500
eval_batch_size: 4096
feat_encode_size: 159
lr: 0.005872017359261936
nn_config:
  dropout: 0.22051372976956107
  hid_size: 385
  num_layers: 8
  use_bn: true
nn_name: mlp
patience: 30
time_budget: 36000
