batch_size: 4096
epochs: 500
eval_batch_size: 4096
feat_encode_size: 241
lr: 0.000466332398533283
nn_config:
  dropout: 0.021455988020628536
  hid_size: 43
  num_layers: 7
  use_bn: false
nn_name: deepfm
patience: 30
time_budget: 36000
