batch_size: 4096
epochs: 500
eval_batch_size: 4096
feat_encode_size: 167
lr: 0.0019583245547738605
nn_config:
  dropout: 0.03139832876770665
  hid_size: 406
  num_layers: 7
  use_bn: true
nn_name: mlp
patience: 30
time_budget: 36000
