batch_size: 4096
epochs: 500
eval_batch_size: 4096
feat_encode_size: 220
lr: 0.0018935193319802048
nn_config:
  dropout: 0.008784713174563419
  hid_size: 221
  num_layers: 8
  use_bn: true
nn_name: deepfm
patience: 30
time_budget: 36000
