batch_size: 4096
epochs: 500
eval_batch_size: 4096
feat_encode_size: 46
lr: 0.009176711959277896
nn_config:
  dropout: 0.025510234406347365
  hid_size: 174
  num_layers: 6
  use_bn: true
nn_name: deepfm
patience: 30
time_budget: 36000
