batch_size: 4096
epochs: 500
eval_batch_size: 4096
feat_encode_size: 92
lr: 0.0012910699038112849
nn_config:
  dropout: 0.0769523004638254
  hid_size: 452
  num_layers: 5
  use_bn: false
nn_name: mlp
patience: 30
time_budget: 36000
