batch_size: 4096
epochs: 500
eval_batch_size: 4096
feat_encode_size: 173
lr: 0.008479236972862207
nn_config:
  dropout: 0.8692077447390432
  hid_size: 406
  num_layers: 5
  use_bn: true
nn_name: mlp
patience: 30
time_budget: 36000
