batch_size: 4096
epochs: 500
eval_batch_size: 4096
feat_encode_size: 137
lr: 0.00014557580290311344
nn_config:
  dropout: 0.5971699273618859
  hid_size: 107
  num_layers: 4
  use_bn: true
nn_name: deepfm
patience: 30
time_budget: 36000
