batch_size: 4096
epochs: 500
eval_batch_size: 4096
feat_encode_size: 66
lr: 0.006578670288450821
nn_config:
  dropout: 0.05716833603726634
  hid_size: 77
  num_layers: 5
  use_bn: false
nn_name: deepfm
patience: 30
time_budget: 36000
