batch_size: 4096
epochs: 500
eval_batch_size: 4096
feat_encode_size: 95
lr: 0.009238611408546888
nn_config:
  dropout: 0.6211936034852068
  hid_size: 89
  num_layers: 6
  use_bn: true
nn_name: deepfm
patience: 30
time_budget: 36000
