batch_size: 4096
epochs: 500
eval_batch_size: 4096
feat_encode_size: 85
lr: 0.0011958769200789417
nn_config:
  dropout: 0.9236692699656196
  hid_size: 299
  num_layers: 7
  use_bn: true
nn_name: mlp
patience: 30
time_budget: 36000
