batch_size: 2196
conv:
  num_heads: 2
dropout: 0.2323314028786639
enable_temporal_sampling: true
epochs: 500
eval_batch_size: 4096
eval_trials: 3
fanouts:
- 5
- 5
feat_encode_size: 181
hid_size: 93
lr: 0.0025089678255884457
patience: 30
predictor:
  dropout: 0.09250403156581666
  hid_size: 188
  num_layers: 4
time_budget: 36000
